0 0.267289 0.408271 0.021391 0.019375
0 0.635223 0.557438 0.058961 0.051931
0 0.772852 0.652861 0.078312 0.090583
0 0.814422 0.519597 0.059906 0.057917
0 0.768801 0.568944 0.067367 0.067306
0 0.608117 0.889674 0.110719 0.182292
0 0.275813 0.707993 0.062688 0.101264
0 0.271941 0.832722 0.080508 0.161889
0 0.686523 0.742688 0.090188 0.116347
0 0.497332 0.481389 0.042758 0.038750
0 0.462691 0.949444 0.114289 0.095083
0 0.326355 0.416861 0.034852 0.035861
0 0.538367 0.471201 0.017859 0.025181
0 0.762918 0.409319 0.037430 0.050444
0 0.965617 0.707667 0.064375 0.065278
0 0.379754 0.623986 0.056648 0.099861
0 0.478770 0.610208 0.063914 0.092972
0 0.241031 0.534465 0.035828 0.048208
0 0.274922 0.488410 0.038734 0.040458
0 0.309305 0.469896 0.038734 0.036153
0 0.397910 0.448382 0.034867 0.034431
0 0.429625 0.437187 0.027594 0.032708
0 0.566898 0.465597 0.035828 0.041306
0 0.599098 0.461299 0.024695 0.039597
0 0.192211 0.398576 0.016953 0.015792
0 0.238828 0.409160 0.024219 0.018292
