0 0.474523 0.427021 0.047828 0.041681
0 0.610254 0.474090 0.050336 0.051625
0 0.596523 0.529813 0.038641 0.048931
0 0.397578 0.657521 0.069687 0.137236
0 0.929129 0.608486 0.083602 0.075306
0 0.676910 0.580743 0.062211 0.066819
0 0.522504 0.693181 0.066523 0.116250
0 0.682719 0.721694 0.086203 0.128083
0 0.811191 0.676153 0.085023 0.082917
0 0.282738 0.782111 0.078508 0.169556
0 0.676609 0.960285 0.104422 0.073181
0 0.547758 0.583965 0.070031 0.099597
0 0.286129 0.637757 0.048742 0.057764
0 0.276324 0.587451 0.048180 0.058764
0 0.329270 0.548604 0.040898 0.062764
0 0.341313 0.481882 0.044813 0.050792
0 0.238227 0.521222 0.039219 0.041833
0 0.499578 0.481882 0.042016 0.036847
0 0.536273 0.433583 0.035859 0.033861
0 0.449437 0.463958 0.035859 0.032861
0 0.391996 0.443687 0.034695 0.030569
0 0.379809 0.422576 0.032195 0.021681
0 0.314316 0.417569 0.033133 0.023889
0 0.265082 0.413403 0.025945 0.021111
0 0.238043 0.402569 0.024383 0.026111
0 0.265551 0.451194 0.035008 0.032222
0 0.240855 0.467313 0.036258 0.031125
0 0.204594 0.477590 0.030641 0.045014
0 0.212262 0.437854 0.035930 0.034458
0 0.663152 0.476292 0.043758 0.030861
0 0.840418 0.959729 0.047195 0.068264
0 0.936516 0.692208 0.085641 0.076556
0 0.979398 0.580125 0.041125 0.071694
0 0.447281 0.573403 0.053781 0.065833
