0 0.853082 0.942514 0.107055 0.108250
0 0.253902 0.406285 0.032961 0.027847
0 0.297059 0.462903 0.042680 0.047583
0 0.347328 0.492799 0.041234 0.046931
0 0.596992 0.641139 0.074297 0.096389
0 0.436344 0.900847 0.100406 0.191000
0 0.273965 0.839493 0.085648 0.135764
0 0.562391 0.487653 0.042266 0.044639
0 0.567828 0.444160 0.037250 0.035042
0 0.874926 0.697778 0.079148 0.081972
0 0.507133 0.464465 0.040359 0.037986
0 0.423809 0.421687 0.037070 0.034153
0 0.668086 0.521965 0.043828 0.044931
0 0.340457 0.421069 0.031586 0.039028
0 0.382117 0.624201 0.050766 0.077236
0 0.239656 0.521167 0.040266 0.063167
0 0.307414 0.529340 0.047016 0.072653
0 0.639145 0.561507 0.038602 0.050625
0 0.985582 0.636264 0.028383 0.087583
0 0.830715 0.612056 0.071617 0.062139
