0 0.347234 0.403903 0.038453 0.022222
0 0.597602 0.826569 0.094047 0.139778
0 0.766156 0.642278 0.077375 0.085111
0 0.920125 0.651618 0.100234 0.102764
0 0.628617 0.510549 0.052250 0.047597
0 0.650879 0.573160 0.051320 0.038792
0 0.467348 0.438743 0.040352 0.050375
0 0.308668 0.521285 0.039961 0.057486
0 0.544996 0.502125 0.044727 0.050056
0 0.657918 0.699174 0.088586 0.113542
0 0.401004 0.677424 0.060992 0.114903
0 0.443539 0.502944 0.049437 0.066778
0 0.369398 0.587653 0.046719 0.076750
0 0.824797 0.925014 0.050750 0.122083
0 0.494660 0.628722 0.059586 0.102194
0 0.418086 0.434785 0.040703 0.028347
0 0.348141 0.421069 0.033469 0.021861
0 0.691281 0.501993 0.035781 0.050653
0 0.658328 0.971375 0.111000 0.057250
0 0.375992 0.517410 0.042516 0.048847
0 0.380211 0.476813 0.039703 0.032236
0 0.333320 0.483507 0.042828 0.042181
0 0.258766 0.480479 0.039391 0.037236
0 0.251109 0.446583 0.035953 0.031667
0 0.544160 0.457243 0.049914 0.036014
0 0.532406 0.581333 0.056781 0.060444
0 0.241691 0.920354 0.099820 0.150958
0 0.724695 0.507583 0.026734 0.048861
0 0.262832 0.415014 0.022195 0.021111
0 0.219691 0.407514 0.020320 0.018333
0 0.188434 0.394451 0.015320 0.014458
0 0.296277 0.422243 0.027195 0.025569
