0 0.447813 0.457743 0.046500 0.048264
0 0.440617 0.581764 0.052109 0.067083
0 0.353422 0.465382 0.048797 0.066292
0 0.284395 0.403222 0.027852 0.026361
0 0.324727 0.417375 0.023875 0.025083
0 0.722699 0.548438 0.064523 0.070153
0 0.286523 0.602153 0.067891 0.152917
0 0.340066 0.542014 0.040086 0.067778
0 0.248242 0.511389 0.045391 0.059722
0 0.835922 0.547201 0.082797 0.056819
0 0.522398 0.438312 0.041641 0.038736
0 0.432324 0.420271 0.032914 0.032153
0 0.255281 0.457882 0.031109 0.026375
0 0.243887 0.433444 0.036523 0.030222
0 0.595125 0.528715 0.048922 0.060597
0 0.839027 0.618604 0.091758 0.080875
0 0.499820 0.556868 0.065250 0.073042
0 0.532348 0.674667 0.070008 0.105194
0 0.491508 0.462472 0.038531 0.040222
0 0.626020 0.499549 0.052102 0.053181
