0 0.301055 0.650069 0.051656 0.093056
0 0.821996 0.559021 0.068773 0.055764
0 0.709703 0.551840 0.060687 0.062014
0 0.575859 0.529556 0.034219 0.044778
0 0.258871 0.552500 0.041852 0.073889
0 0.653094 0.442660 0.121687 0.081125
0 0.468797 0.969694 0.107250 0.048000
0 0.628547 0.871028 0.122250 0.178667
0 0.259547 0.944847 0.083250 0.110306
0 0.219707 0.393542 0.018914 0.021583
0 0.248789 0.405819 0.026641 0.026917
0 0.282984 0.402875 0.025453 0.027806
0 0.301551 0.421347 0.021477 0.021583
0 0.365762 0.412139 0.023727 0.020667
0 0.344699 0.430646 0.029055 0.030125
0 0.390937 0.428951 0.030500 0.031792
0 0.275457 0.491340 0.036805 0.048208
0 0.322906 0.480576 0.042609 0.042181
0 0.373508 0.509840 0.044063 0.054236
0 0.505207 0.431076 0.104102 0.096403
0 0.955594 0.604542 0.060469 0.071000
0 0.565293 0.478840 0.051898 0.052153
0 0.682031 0.497563 0.052500 0.052875
0 0.800590 0.506889 0.063258 0.047667
0 0.778430 0.655236 0.084578 0.071583
0 0.332496 0.536979 0.043039 0.062375
0 0.424316 0.566549 0.052336 0.080403
