0 0.205137 0.473785 0.026133 0.029681
0 0.438078 0.582187 0.048578 0.062819
0 0.285625 0.625569 0.053938 0.103528
0 0.736105 0.518403 0.052773 0.050639
0 0.700043 0.537701 0.057023 0.058625
0 0.476270 0.632667 0.059898 0.081889
0 0.616543 0.497646 0.051570 0.059653
0 0.185227 0.380229 0.043766 0.068264
0 0.228051 0.407396 0.022961 0.025458
0 0.268437 0.417236 0.019453 0.014417
0 0.254797 0.405208 0.024047 0.027806
0 0.299781 0.405931 0.031344 0.018778
0 0.237102 0.440771 0.034047 0.028819
0 0.233996 0.473410 0.028367 0.030792
0 0.270332 0.439792 0.034586 0.027806
0 0.275059 0.465028 0.035930 0.035056
0 0.373945 0.440750 0.032156 0.029722
0 0.324906 0.445792 0.041063 0.047500
0 0.666063 0.471285 0.045031 0.038736
0 0.515477 0.429965 0.044062 0.045625
0 0.462211 0.451910 0.036313 0.032708
0 0.385227 0.477729 0.040187 0.037875
0 0.379172 0.511306 0.045516 0.055083
0 0.463180 0.520347 0.055687 0.064556
0 0.544527 0.585764 0.059555 0.081778
0 0.329750 0.541028 0.045344 0.059833
0 0.623305 0.679708 0.078016 0.101861
0 0.292566 0.503799 0.040148 0.049764
0 0.552844 0.472118 0.052297 0.055625
0 0.262273 0.898542 0.121719 0.191667
0 0.778332 0.642958 0.087617 0.117111
0 0.842543 0.615944 0.072773 0.069472
0 0.990824 0.642319 0.018023 0.057972
