0 0.575605 0.480167 0.052039 0.051056
0 0.482926 0.471910 0.041492 0.029542
0 0.482750 0.459958 0.040453 0.051111
0 0.306184 0.413299 0.020102 0.019597
0 0.591023 0.523118 0.037328 0.045514
0 0.456922 0.587201 0.055906 0.070347
0 0.276934 0.604681 0.046836 0.076667
0 0.785410 0.561993 0.099039 0.095264
0 0.850078 0.562396 0.061766 0.079153
0 0.386320 0.626479 0.060344 0.094069
0 0.250285 0.397396 0.025664 0.019208
0 0.212457 0.399806 0.024586 0.025944
0 0.410258 0.433146 0.025656 0.036153
0 0.375152 0.440035 0.037773 0.034431
0 0.261125 0.546340 0.043094 0.055958
0 0.265969 0.481347 0.044062 0.055083
0 0.347313 0.489097 0.043094 0.060250
0 0.455035 0.516646 0.045539 0.060264
0 0.815824 0.930132 0.152727 0.139736
0 0.427063 0.935097 0.119750 0.121861
0 0.718422 0.604090 0.064609 0.080347
0 0.528711 0.726479 0.068359 0.103097
0 0.613719 0.476444 0.036594 0.034639
