0 0.352063 0.438153 0.024984 0.019639
0 0.396699 0.429840 0.020930 0.020986
0 0.474445 0.467375 0.056922 0.043306
0 0.430531 0.946972 0.114547 0.100278
0 0.304758 0.403958 0.028953 0.025111
0 0.272488 0.411250 0.027211 0.022333
0 0.324195 0.425410 0.030953 0.033903
0 0.972273 0.721458 0.055453 0.095639
0 0.622730 0.453875 0.047289 0.034222
0 0.616187 0.503597 0.049172 0.050444
0 0.262617 0.546632 0.041797 0.061708
0 0.194535 0.393993 0.014242 0.011625
0 0.384727 0.483368 0.042969 0.046903
0 0.825617 0.553174 0.072453 0.071042
0 0.765852 0.602361 0.068687 0.075500
0 0.559059 0.775174 0.082117 0.124764
0 0.835090 0.689382 0.090305 0.084542
0 0.485961 0.466681 0.033984 0.043111
0 0.555629 0.460847 0.035242 0.038972
0 0.282715 0.652715 0.056102 0.099875
0 0.323359 0.515882 0.047531 0.090819
0 0.502848 0.649896 0.069930 0.107847
0 0.245195 0.468882 0.037844 0.045958
0 0.212051 0.391708 0.018914 0.014528
