0 0.491023 0.434438 0.033406 0.043042
0 0.235848 0.522674 0.038258 0.047347
0 0.265625 0.486514 0.041641 0.045611
0 0.228828 0.455951 0.042609 0.036153
0 0.245473 0.411215 0.031055 0.028208
0 0.210148 0.402535 0.020406 0.023875
0 0.265617 0.396639 0.020063 0.021389
0 0.373305 0.407958 0.030953 0.031111
0 0.700340 0.598917 0.066695 0.071306
0 0.267227 0.587076 0.047422 0.076542
0 0.521508 0.653722 0.071312 0.110250
0 0.850840 0.694007 0.089523 0.083181
0 0.340656 0.542938 0.051359 0.061986
0 0.284801 0.690958 0.060633 0.132806
0 0.409402 0.675194 0.059086 0.113833
0 0.445992 0.464563 0.034375 0.034431
0 0.313867 0.428611 0.029781 0.023611
0 0.311195 0.402389 0.032187 0.029583
0 0.246949 0.907264 0.098727 0.153556
0 0.877773 0.645674 0.082687 0.071264
0 0.576258 0.483083 0.050875 0.052889
0 0.774734 0.870417 0.118641 0.148306
0 0.456187 0.604014 0.051344 0.077194
0 0.715336 0.513646 0.055375 0.059792
0 0.676285 0.959618 0.118883 0.080208
0 0.496348 0.550646 0.052773 0.060264
0 0.420328 0.542896 0.054719 0.063708
0 0.363207 0.433389 0.034523 0.030111
